1069046.5
1174087
1323124
1416480.5
1530871.5
1633370
1722082.5
1946944
2020293.5
2223550
2389868
32178
27518
29639
36262
64321.5
113083.5
150191
200925.5
275021.5
313466
355115.5
787224.5
876102
927241
974693.5
954755.5
893136
961647.5
1143217.5
1175362.5
1336700
1457959
102177
167081
217786.5
249630.5
374793.5
651080.5
885450
1359107.5
1832614
2565316
3196008.5
1188774.5
1713430.5
2838625.5
3453693.5
5293111.5
7858602
9976567
11833951
14880010.5
16935824
18626978
399512
469814.5
517895.5
561648
662544.5
876973.5
1103629.5
1444982
1647197
2150630.5
2514598
557378
690315.5
803451.5
854621
1003640
1267617
1515854.5
1553788
1643558
1702782.5
1787048.5
101161
111501.5
119190
133252.5
159042.5
223146
274052
297169
333084
391800
448967
376309.5
484235
734105.5
948707
1385652.5
2475780
3394721.5
4873162
6468963
7991189
9400655
1304560.5
1447916
1454253
1561861.5
1722289
1971558
2294787.5
2731552.5
3239108
4093226.5
4843826.5
95954.5
127956
184168
211665
249897
316386
384280.5
482345.5
554114.5
605768.5
680150.5
1112385.5
1202010.5
1235469.5
1269134
1310536.5
1378768.5
1412188
1456904
1388377.5
1463162
1523177.5
162797
215933
222516
262436.5
294318.5
333595.5
356283.5
471967.5
503374.5
646976.5
783791
2819295.5
3242640
3815327
3948620.5
4356088
5040579
5556988
5713259
5715301
6209646.5
6415316
1350438
1465195
1619251.5
1713898
1967112
2331249
2596834.5
2745112
2772079.5
3040242.5
3241901
845474.5
884628.5
940499.5
900514
952649.5
1089305.5
1123289
1181839.5
1238787
1344209
1426559
1144952.5
1208315
1307294.5
1422813.5
1472403
1519078
1609353
1830388.5
1842648
2020884.5
2169683.5
828194
899254.5
1050796.5
1181940
1341758
1628511
1820653
2102950
2109986.5
2234488
2266686
1683208
1926178
2124807
2158360.5
2345257
2574289
2844585
2868518.5
3008212.5
3174548.5
3273814.5
647673
724830.5
815763
910622
1171500.5
1550344.5
1961199.5
2108487.5
2390734
2648243
2886776
371185.5
384007
398711.5
423613
456887
484632.5
496024
562330
613964
637461.5
664180.5
1405086.5
1834206
2421162.5
2628053
3185883
3911597
4437541.5
4631039
4647648.5
4969222
4941820
1037854
1193562.5
1281976.5
1396150
1491241.5
1706932
1902485.5
2037985
2187549.5
2459739.5
2651962.5
1646667.5
1702027.5
1814683.5
1892332
1977326.5
2159906.5
2338250.5
2458343
2558536.5
2797605.5
2994463.5
898557
895309
1004910.5
1091898
1089457
1089070.5
1108456
1260319
1286608
1422329
1483648.5
188026.5
274444.5
268803
279728
295512
337383.5
347204.5
393345
399532.5
451097.5
494707.5
1103143.5
1279561.5
1585138
1785811.5
2030964.5
2278077.5
2541029.5
2940883
3314318.5
4024656.5
4767741.5
288528
323436
340422.5
320967.5
309818
316223
308880.5
326358.5
319400
321100
336295.5
596107
648186
688981.5
657917
662755
705665
741746.5
784912.5
789192.5
855631.5
913170.5
215286
221541.5
232646.5
245762
266621
303460.5
368840.5
460305
554626
617893
658235
1268583.5
1577950
2020667
2080082.5
2417664.5
3033391
3584082
3682411.5
3865094
4207175
4395947
163650.5
180175
211658.5
265909
340593.5
475511.5
508000
651447
757534.5
909523
1029589.5
40937.5
38703.5
45529
55123.5
80041.5
142639
244369
400246.5
600916.5
999128.5
1350275.5
4556807
5192613.5
6294033
6739571
7415096
8391152
9118483.5
8779036
8995227.5
9488228.5
9689051
2383560.5
2879697
3323348.5
3453806
3973313.5
4853198.5
5326008.5
5398815
5423557.5
5676570
5768252
828577.5
1014141.5
1198020
1168217
1116675.5
1164142
1279614.5
1512645
1572792.5
1725327
1875675.5
336382.5
391694.5
476893
544842
760670.5
884343.5
1045692.5
1316552.5
1421160.5
1710699.5
1915537
3832555.5
4360008.5
4815675
4950090
5249006
5659683
5896954.5
5931947.5
5940821.5
6140527
6351189.5
271305
302198.5
343748.5
356673
395948
429744
473362.5
473577
501732
524159.5
526283.5
757700
841862
869382.5
949902
1058513.5
1191297
1295258
1560910
1743351.5
2006006
2312682
291944
318273.5
346424.5
321480.5
326370
340257
332753.5
345384
348002
377422
407090
1092394.5
1168942.5
1308278
1457920.5
1645859
1783544.5
1961843.5
2295560
2438592.5
2844641.5
3173052.5
1948271
2331614
2912357.5
3207412
3855597
4789838.5
5598365
7114595.5
8493255
10425910
12572780.5
186675.5
224698
253923.5
275155
344431
445313.5
529636.5
730518.5
861425
1116584.5
1381942.5
1030806
1154593.5
1210925.5
1338886.5
1659340
1983474.5
2324247
2673409
3093679
3539257.5
4000512
177978
176214
179805.5
179615.5
188873.5
194940.5
222165
255728
281379
304413.5
312870.5
570995
678310.5
781698
868095.5
1189481.5
1426607
1704584.5
2066078
2433346
2947060.5
3362270
1166930
1316033.5
1469503
1568793.5
1717287.5
1975888.5
2208865.5
2352883.5
2445884.5
2681837.5
2843493
610559.5
731850.5
864602.5
950987
1002776
930210.5
872118.5
974822
896738.5
904172
926497
72982.5
97201
112782.5
125371
145264.5
165033
166208
234778.5
226794
246891
281813
